286 0.000198008372587
3473 0.000195795721527
4951 0.000192496883606
3890 0.000191063728194
7365 0.000188957713605
6359 0.000187608956721
4352 0.000182000449021
7032 0.000181473362344
7541 0.000181024192162
3699 0.000180469105994
4877 0.000178516630425
3242 0.000176686050208
6503 0.000175760106826
4221 0.000174949319516
7293 0.000174253365393
2276 0.000173977491919
1189 0.000173966144273
1441 0.000171575097418
1866 0.000170762923037
8602 0.000170299976615
5012 0.000170299162405
2342 0.000170165137269
4660 0.000169563985490
7353 0.000168946524586
1237 0.000168850865598
257 0.000168841126312
8036 0.000168707946006
8314 0.000168707015889
7633 0.000168605960869
2797 0.000168466360997
6901 0.000167748185506
5303 0.000167534044488
9602 0.000167487098657
7451 0.000167416582340
2289 0.000167172300864
6579 0.000166457832145
1522 0.000166448595476
7833 0.000166165802480
7036 0.000165959381579
3916 0.000165910412550
1312 0.000165717927790
2026 0.000165294670888
8754 0.000165132258458
9559 0.000164833715540
3279 0.000164772884324
4384 0.000164741332782
5553 0.000164644927134
248 0.000164552131439
2568 0.000164456153624
1279 0.000164440909696
3683 0.000163650964431
1169 0.000163546510659
7016 0.000163263649421
6180 0.000163199105064
8914 0.000163118799264
7846 0.000163104210544
7497 0.000162859718841
5798 0.000162421014258
6898 0.000162408556579
2730 0.000162156520409
6655 0.000162153499360
1890 0.000162134233383
8065 0.000162111203542
9287 0.000161958858738
5421 0.000161608950600
9367 0.000161412921977
6500 0.000161323270919
517 0.000161285891071
8561 0.000161257525936
4240 0.000161190652799
5568 0.000160647126402
3545 0.000160447005021
8550 0.000160390109997
200 0.000160292743690
9747 0.000159999363610
2645 0.000159764318999
3145 0.000159720005068
1490 0.000159628610950
9043 0.000159492076561
614 0.000159491967321
8517 0.000159481365745
1340 0.000159464437985
70 0.000159134861386
1798 0.000159084746820
7220 0.000158796164699
348 0.000158795532863
1042 0.000158533594416
7854 0.000157813772061
9910 0.000157797073441
8278 0.000157785147485
472 0.000157644222519
6158 0.000157621991252
3340 0.000157541916877
226 0.000157535684667
6030 0.000157504726488
1493 0.000157373887142
8937 0.000157245472948
9520 0.000157179960635
3483 0.000156986280345
2794 0.000156879326182
