286 0.0001980086
3473 0.0001957969
4951 0.0001924958
3890 0.0001910629
7365 0.0001889563
6359 0.0001876102
4352 0.0001819987
7032 0.0001814714
7541 0.0001810247
3699 0.0001804676
4877 0.0001785156
3242 0.0001766863
6503 0.0001757627
4221 0.0001749497
7293 0.0001742552
2276 0.0001739790
1189 0.0001739652
1441 0.0001715736
1866 0.0001707644
8602 0.0001702992
5012 0.0001702985
2342 0.0001701655
4660 0.0001695613
7353 0.0001689458
1237 0.0001688476
257 0.0001688411
8314 0.0001687096
8036 0.0001687050
7633 0.0001686030
2797 0.0001684657
6901 0.0001677477
5303 0.0001675362
9602 0.0001674893
7451 0.0001674148
2289 0.0001671735
6579 0.0001664590
1522 0.0001664514
7833 0.0001661633
7036 0.0001659604
3916 0.0001659130
1312 0.0001657205
2026 0.0001652937
8754 0.0001651315
9559 0.0001648356
3279 0.0001647738
4384 0.0001647404
5553 0.0001646436
248 0.0001645527
2568 0.0001644554
1279 0.0001644410
3683 0.0001636490
1169 0.0001635429
7016 0.0001632648
6180 0.0001632010
8914 0.0001631211
7846 0.0001631034
7497 0.0001628602
5798 0.0001624193
6898 0.0001624070
2730 0.0001621573
6655 0.0001621536
1890 0.0001621342
8065 0.0001621142
9287 0.0001619584
5421 0.0001616102
9367 0.0001614139
6500 0.0001613249
517 0.0001612843
8561 0.0001612569
4240 0.0001611939
5568 0.0001606473
3545 0.0001604466
8550 0.0001603875
200 0.0001602930
9747 0.0001599968
2645 0.0001597646
3145 0.0001597190
1490 0.0001596296
614 0.0001594944
9043 0.0001594920
8517 0.0001594794
1340 0.0001594610
70 0.0001591366
1798 0.0001590859
7220 0.0001587955
348 0.0001587943
1042 0.0001585344
7854 0.0001578113
9910 0.0001577937
8278 0.0001577852
472 0.0001576438
6158 0.0001576203
3340 0.0001575443
226 0.0001575339
6030 0.0001575053
1493 0.0001573742
8937 0.0001572470
9520 0.0001571804
3483 0.0001569867
2794 0.0001568795
