286 0.0001980083872001
3473 0.0001957957158647
4951 0.0001924969116986
3890 0.0001910637342373
7365 0.0001889577055670
6359 0.0001876089546235
4352 0.0001820004346102
7032 0.0001814733596879
7541 0.0001810241832389
3699 0.0001804691319131
4877 0.0001785166439318
3242 0.0001766860735130
6503 0.0001757601153279
4221 0.0001749493251109
7293 0.0001742533924352
2276 0.0001739775032714
1189 0.0001739661652059
1441 0.0001715751087350
1866 0.0001707629347525
8602 0.0001702999648227
5012 0.0001702991766039
2342 0.0001701651250145
4660 0.0001695640038517
7353 0.0001689465283687
1237 0.0001688508643239
257 0.0001688411179717
8036 0.0001687079420289
8314 0.0001687069940508
7633 0.0001686059697256
2797 0.0001684663640908
6901 0.0001677482043232
5303 0.0001675340428121
9602 0.0001674870846023
7451 0.0001674165885503
2289 0.0001671723102409
6579 0.0001664578239739
1522 0.0001664486015944
7833 0.0001661657961495
7036 0.0001659593712349
3916 0.0001659104223149
1312 0.0001657179216765
2026 0.0001652946699539
8754 0.0001651322589113
9559 0.0001648337574024
3279 0.0001647729012261
4384 0.0001647413326029
5553 0.0001646449159454
248 0.0001645521336920
2568 0.0001644561677142
1279 0.0001644409182025
3683 0.0001636509481632
1169 0.0001635464981052
7016 0.0001632636372992
6180 0.0001631991045362
8914 0.0001631188069460
7846 0.0001631042188169
7497 0.0001628597258162
5798 0.0001624210093473
6898 0.0001624085717747
2730 0.0001621564884725
6655 0.0001621535071997
1890 0.0001621342425411
8065 0.0001621112002941
9287 0.0001619588552963
5421 0.0001616089645075
9367 0.0001614129241747
6500 0.0001613232691586
517 0.0001612858891657
8561 0.0001612575331949
4240 0.0001611906346984
5568 0.0001606471239841
3545 0.0001604470010875
8550 0.0001603901045733
200 0.0001602927704719
9747 0.0001599993872816
2645 0.0001597643075668
3145 0.0001597200057065
1490 0.0001596285983926
9043 0.0001594920790186
614 0.0001594919537310
8517 0.0001594813690704
1340 0.0001594644178319
70 0.0001591348754243
1798 0.0001590847473508
7220 0.0001587961706032
348 0.0001587955337791
1042 0.0001585335931519
7854 0.0001578137849309
9910 0.0001577970795594
8278 0.0001577851550752
472 0.0001576442065080
6158 0.0001576219927295
3340 0.0001575419369076
226 0.0001575357016530
6030 0.0001575047224650
1493 0.0001573739003557
8937 0.0001572454738234
9520 0.0001571799636335
3483 0.0001569863133397
2794 0.0001568793445343
